-0.016947
0.220398
-0.090659
0.151367
0.180918
0.111862
-0.038814
-0.085067
-0.066899
-0.075411
-0.032869
0.210806
0.249956
0.154364
-0.052155
-0.069936
-0.048867
0.021693
-0.064922
-0.148900
-0.010975
-0.013490
-0.045076
0.051223
0.173777
0.075127
-0.038199
-0.140922
-0.097924
-0.044087
-0.158394
-0.051031
0.159496
0.090122
-0.009165
0.222787
0.098691
-0.004071
-0.003328
0.005149
0.104067
0.082644
0.129878
0.063287
0.000495
-0.041864
0.102897
-0.030937
0.114881
0.161632
-0.116826
-0.109461
-0.043020
-0.096975
-0.044565
-0.109682
-0.063919
-0.067126
-0.032010
-0.003739
0.038900
-0.064989
-0.000257
-0.059099
-0.071976
-0.065401
-0.084153
-0.055549
-0.066251
-0.085176
0.026437
-0.081857
0.088770
0.017114
-0.032525
-0.005467
0.094856
-0.055853
-0.074358
0.185914
-0.129488
0.130667
0.147594
0.049632
-0.129568
-0.090092
-0.081518
0.112127
0.036919
0.329568
0.180895
0.031205
-0.083292
0.033020
-0.066446
-0.022428
-0.180103
0.223608
-0.105859
0.008473
0.024881
0.027336
0.061345
-0.060383
-0.135946
0.041766
0.066027
0.106779
-0.092952
-0.012810
0.069667
0.044259
0.249699
0.018955
0.048701
0.058006
-0.042098
0.047761
0.048151
-0.060871
0.071192
-0.045211
0.149949
0.018715
-0.125379
0.094444
0.040680
-0.001289
