-0.010878
-0.008025
-0.023303
-0.024023
-0.021087
-0.023657
-0.028512
-0.017896
-0.009704
-0.024304
-0.006428
-0.016832
-0.010319
-0.021290
-0.018389
-0.019028
-0.021421
-0.012217
-0.021265
-0.015766
-0.021075
-0.009060
-0.021346
-0.003326
-0.023278
-0.006687
-0.022377
-0.013763
-0.022120
-0.026617
-0.036688
-0.009949
-0.020939
-0.026105
-0.025583
-0.012808
-0.017071
-0.006650
-0.024277
-0.020892
-0.023071
-0.021485
-0.015144
-0.022187
-0.017681
-0.015838
-0.024937
-0.031140
-0.021675
-0.021138
-0.018768
-0.018270
-0.008676
-0.029195
-0.016548
-0.017830
-0.002674
-0.006110
-0.010060
-0.024393
-0.015687
-0.026702
-0.009334
-0.014935
-0.024797
-0.016890
-0.020837
-0.008881
-0.007452
-0.033631
-0.031040
-0.013790
-0.021795
-0.025080
-0.011921
-0.025972
-0.027215
-0.021099
-0.019741
-0.014170
-0.018470
-0.012475
-0.027114
-0.007063
-0.023968
-0.009133
-0.027225
-0.013966
-0.025687
-0.021468
-0.017152
-0.010105
-0.022728
-0.024663
-0.016132
-0.028968
-0.018843
-0.025227
-0.020793
-0.013374
-0.033614
-0.017469
-0.019151
-0.020791
-0.026021
-0.029999
-0.012066
-0.025627
-0.016659
-0.030638
-0.014935
-0.017640
-0.030693
-0.019956
-0.021329
-0.013474
-0.008750
-0.038664
-0.019550
-0.017664
-0.012550
-0.034999
-0.038487
-0.029561
-0.004446
-0.026262
-0.012844
-0.020510
