-0.037174 0.159530 -0.020321 0.106221 0.134878 -0.109582 0.072779 0.138345 -0.087052 -0.026374
0.094636 -0.078655 0.066747 -0.066324 0.070684 -0.047663 0.141916 0.159249 -0.143266 0.055140
0.131239 -0.061608 -0.055957 0.053955 -0.131629 0.108386 0.082752 -0.162180 0.087533 -0.071707
-0.014889 0.186921 0.154780 0.121777 0.055360 -0.074222 0.032713 -0.119796 0.085990 -0.118741
0.041229 -0.115202 -0.058356 0.127138 0.142892 0.080061 -0.016415 -0.018918 0.131671 -0.160863
-0.078197 -0.056238 0.091665 0.051660 -0.038143 -0.130972 -0.120123 -0.147895 -0.038169 -0.118120
0.028726 0.159205 -0.047385 -0.038417 -0.124641 -0.120049 0.061187 -0.006740 0.148492 0.097192
0.031658 0.147492 0.026983 0.031439 0.093653 -0.045929 0.127918 -0.029477 0.080470 0.105791
0.054564 0.089465 0.142330 0.028159 0.147471 -0.117464 0.082538 0.054427 -0.150798 -0.085557
-0.140919 -0.018379 -0.080827 0.107374 0.071862 0.014317 -0.165080 0.014409 0.005995 0.086642
-0.124908 0.021244 0.010442 -0.156210 -0.080169 -0.002574 0.072671 -0.002490 -0.167318 -0.143638
0.003934 0.143614 0.188650 0.170638 0.002053 0.152385 0.013245 -0.046088 0.154635 0.106047
-0.094259 0.066798 0.077208 -0.112573 0.065606 -0.093058 -0.156344 0.106764 0.030769 0.100331
0.044516 0.006246 -0.086964 -0.112512 -0.149142 -0.166003 0.000142 0.097912 0.158887 0.048388
-0.111985 -0.138813 -0.009032 -0.100245 -0.049447 0.165914 0.188852 -0.200649 -0.010506 -0.028905
-0.155674 0.025446 -0.109230 0.079659 0.052461 0.110111 0.013291 -0.150083 -0.100092 0.020200
-0.061514 -0.033574 0.096602 -0.130865 -0.136793 0.026182 -0.068748 0.083038 0.059322 0.019974
-0.206408 0.124986 -0.009890 0.065462 0.101487 -0.073933 -0.191399 0.043277 -0.067736 0.073647
-0.186593 0.192719 -0.077133 0.192809 -0.162858 -0.195666 -0.143994 0.094908 -0.200883 0.025101
0.096385 -0.121510 0.098255 0.080478 -0.076263 0.031143 -0.070859 -0.145444 0.091000 -0.091093
0.088539 0.083838 -0.059178 -0.094205 -0.080568 0.076521 0.113166 -0.169926 -0.113702 0.127584
-0.040317 0.064042 -0.112360 -0.162367 -0.051120 0.104629 -0.017472 0.089219 0.050976 -0.051937
0.189429 -0.046545 0.128083 0.134409 0.068070 -0.136642 -0.164901 0.022930 -0.027090 0.078218
-0.035244 -0.008757 0.035886 -0.049122 0.072548 0.086846 0.101623 0.163007 0.014274 -0.032533
0.084123 -0.090338 0.068711 0.136689 -0.148928 0.129176 0.048153 -0.029602 0.083453 0.094583
0.165795 0.048545 0.040175 -0.019653 0.090225 0.113713 0.052128 -0.025062 -0.042477 -0.195499
0.078383 0.184203 0.144959 0.147716 0.071965 -0.039026 -0.104896 0.067443 -0.139140 -0.179609
-0.099074 -0.131498 -0.016946 0.039053 -0.082094 0.076134 0.094692 0.161717 -0.039791 -0.111020
0.013022 -0.106234 0.114760 -0.048481 -0.091076 0.089827 -0.052598 0.047050 -0.145427 -0.074909
-0.099596 0.001005 -0.056337 0.138134 -0.176942 -0.058899 0.130880 -0.043619 -0.187278 0.179102
0.080421 -0.168557 -0.031545 0.044690 0.078738 -0.095985 0.186518 0.108886 0.149147 0.087667
-0.147063 0.147234 -0.155270 -0.039858 0.034537 0.132583 0.007819 0.142522 0.044990 -0.041741
-0.183328 -0.108721 0.141021 0.163045 0.065592 -0.040955 0.105309 0.015486 0.125854 -0.104673
0.110352 -0.130344 0.074562 0.153252 0.018519 0.184109 0.065085 -0.011404 -0.181396 0.032487
0.014118 0.132340 -0.129499 -0.037234 0.072833 0.078452 -0.128619 0.042277 0.086114 -0.158028
0.031409 -0.007475 -0.089282 0.178190 -0.145772 0.107986 0.053008 -0.065553 0.162753 -0.018306
0.132943 0.053489 0.107632 -0.148270 0.136015 0.084785 0.142976 -0.000401 0.088643 0.110733
-0.125108 -0.099783 -0.074269 -0.017981 -0.027762 -0.013335 -0.138734 -0.085378 -0.019826 -0.020587
-0.128118 0.121216 -0.135920 0.023189 -0.129494 -0.060549 -0.171644 -0.047971 -0.105394 -0.177589
0.142405 0.072389 -0.069632 -0.068470 -0.033662 -0.165071 -0.061906 0.113795 0.150629 0.087054
0.131963 0.068805 0.142308 0.180183 0.118087 -0.035763 0.011910 0.198119 -0.070139 -0.117944
0.096817 -0.092089 0.131769 0.018424 -0.068713 0.144925 -0.072055 -0.187332 0.138329 0.077590
0.042634 0.187571 -0.189624 0.017685 0.084175 -0.186885 0.040743 -0.129785 -0.095624 -0.145724
0.186298 -0.043163 -0.006345 0.135430 0.089823 0.190218 -0.024815 0.139161 0.117765 -0.154386
0.047224 0.018831 0.160029 0.178881 0.021851 0.184260 -0.051889 0.002258 0.010927 -0.012442
0.141280 -0.033225 0.030589 -0.031110 -0.034463 0.085492 -0.123294 0.012799 -0.034482 0.074936
-0.131001 -0.057895 0.088777 0.046932 -0.127728 0.027150 -0.085797 0.026020 0.044480 0.010078
0.098895 -0.143876 -0.040884 -0.046372 -0.105219 0.048420 -0.139471 -0.158142 0.142229 0.128721
-0.162678 0.129866 -0.123082 -0.109118 0.117714 0.183623 0.146228 0.054938 0.062369 -0.174109
-0.130443 0.089293 -0.095936 0.153388 0.007318 -0.062417 0.007979 0.128700 -0.157994 0.147483
0.069054 -0.008471 -0.084578 0.100909 -0.027796 0.042426 0.063392 -0.196396 -0.159625 -0.156241
-0.035845 -0.128393 0.038530 0.109997 0.164083 -0.014502 -0.060556 -0.103094 -0.044909 -0.159671
-0.153842 0.082030 -0.001367 -0.127548 -0.140718 0.047643 0.090803 0.043317 0.017915 -0.191499
-0.096543 0.001421 0.127851 0.015403 0.084170 0.147542 -0.164314 0.141091 -0.069076 -0.082457
-0.093541 -0.150941 0.017399 -0.105790 0.076899 0.167539 0.152980 0.132128 0.039637 0.160773
-0.203848 -0.061477 0.066857 0.098802 0.099476 -0.130097 -0.142056 -0.143085 -0.153113 -0.170032
-0.074280 -0.053468 -0.066172 -0.078395 0.066076 0.073299 -0.026849 0.115029 0.036812 -0.075299
0.095161 0.094820 -0.045189 -0.042882 -0.148569 0.088506 0.089963 0.080674 -0.175798 0.070461
0.121067 0.069676 0.059159 0.013592 0.159512 -0.045537 0.193323 0.188985 0.080041 -0.036868
0.096549 0.192213 -0.037529 0.039569 0.181865 0.048591 -0.124149 -0.033836 -0.090396 -0.104907
0.061816 0.028472 0.107893 -0.156733 -0.154673 0.103551 -0.206392 -0.138664 -0.145095 -0.044406
-0.069413 -0.112971 -0.182223 -0.037040 -0.156393 0.123052 0.013595 0.141696 0.141099 0.024854
-0.125309 0.056954 0.120398 0.085434 0.088480 -0.085732 0.057160 -0.079776 0.078625 0.097170
0.064784 -0.062206 -0.017630 0.180114 -0.040378 0.020266 0.086307 0.089607 -0.087535 -0.021802
-0.094139 -0.023898 0.017637 0.077256 -0.016743 -0.080921 0.071898 0.106654 -0.150810 0.053338
-0.081423 -0.024533 0.154462 -0.151941 -0.182745 0.071553 -0.129702 0.133183 -0.067311 -0.122670
-0.089368 0.010057 0.094811 0.116319 0.089134 -0.086322 -0.125239 0.050099 -0.110555 0.176705
0.075998 -0.161837 0.139734 -0.149258 0.107157 -0.021600 -0.000773 -0.003065 -0.045419 -0.130899
0.205244 -0.048518 0.097863 0.041041 0.157718 -0.009633 0.032581 -0.184775 0.137557 -0.056783
0.068488 0.037060 -0.112106 0.102858 0.070776 -0.078217 -0.085444 -0.181100 0.135708 0.133572
0.072440 0.044898 -0.048252 0.015033 -0.006779 0.168483 -0.027367 0.126707 0.165519 0.088897
-0.100853 0.043215 -0.064171 0.147798 -0.213551 -0.134862 -0.128296 0.018886 -0.151928 -0.114845
-0.099236 0.008839 0.157537 0.058607 -0.023282 -0.011072 -0.155313 -0.002260 -0.089698 0.160669
-0.175628 0.039289 -0.024355 0.036911 -0.062409 -0.072644 -0.093935 0.041005 -0.067844 0.062639
-0.063107 -0.151316 -0.047213 0.037515 0.110411 0.015093 0.100678 0.032754 -0.092255 0.091301
0.086846 -0.144049 -0.127566 0.166581 -0.043709 0.017009 0.147912 0.041704 -0.051008 0.060827
-0.129128 -0.020687 -0.046437 -0.023417 -0.004465 -0.093026 0.032767 -0.000364 0.018590 0.020357
-0.105779 -0.020197 -0.120742 -0.046509 0.092533 -0.112661 -0.047852 -0.089536 0.055030 -0.015737
0.090459 0.010650 0.029474 0.093924 -0.034423 0.116114 -0.140467 0.071129 0.113323 0.164168
0.130870 0.176832 0.122050 0.063426 0.167946 0.112830 -0.039349 0.112455 -0.078753 -0.042506
0.012621 0.042975 0.025654 -0.034902 -0.107811 -0.150555 0.039603 0.073846 -0.013756 -0.163827
-0.035273 0.154394 0.105222 -0.129343 0.065294 -0.083968 0.057356 0.166555 -0.193219 -0.041980
-0.075987 0.045895 0.021780 -0.180782 0.081214 -0.078848 -0.007720 0.095700 0.047459 0.095242
0.084763 -0.055062 0.024558 -0.139021 -0.009345 0.096989 0.113615 -0.031166 0.059599 0.003825
0.147597 -0.025273 -0.134753 -0.098279 0.181836 -0.123386 0.009667 0.085813 0.041910 -0.149260
-0.096532 0.055517 -0.169240 -0.148662 0.063804 -0.010123 0.077001 0.034483 -0.119078 0.096242
0.053528 -0.046914 -0.022489 0.080995 0.054644 0.028758 0.045204 -0.191834 0.109382 -0.020590
0.004975 0.116430 0.087795 -0.040094 -0.103304 0.018097 -0.110611 -0.177107 -0.111312 -0.176146
0.017117 -0.144052 -0.015326 -0.046879 0.113397 -0.139930 -0.147456 0.027141 -0.104781 -0.176315
0.082142 0.103699 0.111099 0.065062 -0.130202 -0.051165 0.024554 0.096727 0.130908 0.022695
0.029321 0.139194 0.093440 0.101485 0.010366 0.019829 0.026463 0.013435 0.043238 0.067149
0.137363 0.076628 0.134134 -0.179539 0.055029 0.099073 0.100031 0.114025 -0.041201 -0.173988
0.185094 -0.023704 -0.059387 -0.026117 -0.187430 0.138845 -0.007488 0.016797 0.082630 0.039430
-0.121807 -0.119334 -0.171820 -0.126627 0.038741 0.060014 0.125157 -0.113521 0.180644 0.145512
0.177560 0.126590 0.172185 0.174274 0.213844 -0.051644 0.035134 -0.152667 -0.115092 -0.076834
0.149695 -0.120049 -0.017563 0.018783 0.106805 -0.058103 -0.127518 0.109586 0.071448 -0.068014
-0.060793 -0.123741 0.020106 -0.071137 0.008808 0.124325 0.039739 -0.104960 0.099648 -0.032688
0.096868 -0.046546 0.010195 -0.053771 0.183845 -0.092472 0.082091 -0.150259 0.095698 0.103739
-0.199468 -0.116579 0.142956 0.191816 -0.163686 0.184959 -0.000655 0.109706 0.007464 0.132531
-0.077613 0.128740 -0.026129 -0.012076 -0.073826 -0.068640 0.037444 0.038385 -0.189256 -0.073522
0.067756 -0.027742 0.095251 0.025214 -0.154406 0.124501 0.003575 -0.086486 0.155020 0.025419
0.175055 0.132353 -0.010590 -0.059393 -0.006206 -0.120371 0.101221 0.086834 -0.016679 0.108377
0.035093 -0.058325 -0.124277 0.110447 -0.118504 0.121981 -0.059963 0.068717 -0.006688 -0.102442
0.071103 -0.121622 0.153441 0.124272 -0.159907 -0.171521 -0.077118 0.154620 0.018240 -0.011451
-0.049213 -0.150661 0.060463 -0.022997 0.007759 -0.031274 -0.146687 0.156747 0.039838 0.123570
-0.159820 -0.129360 -0.084200 0.071624 0.065449 -0.047231 -0.177982 0.088748 0.052358 0.078341
-0.107425 -0.125063 -0.106393 0.048735 -0.023215 0.062336 -0.003567 -0.105912 -0.055470 0.034605
-0.190734 -0.086841 0.131857 -0.182925 -0.018406 -0.095454 -0.048008 -0.147442 0.038297 0.107088
0.102452 0.112418 0.084271 -0.103640 -0.145082 0.054097 -0.151824 -0.084766 0.131539 0.076980
0.080849 -0.128914 -0.100826 0.133209 -0.104746 -0.050353 0.070642 0.095897 -0.164408 0.086019
0.170605 0.148480 -0.130740 0.060938 -0.103233 0.172327 0.122298 0.160583 -0.151583 -0.127955
0.159256 0.168220 -0.055997 0.083792 0.135059 -0.045988 -0.159284 0.124118 -0.146403 0.035056
-0.088078 0.017892 -0.057541 0.127608 -0.104190 0.014805 0.035992 0.024479 -0.071313 -0.151107
-0.099566 -0.133998 0.017873 0.099151 -0.029559 0.112863 0.011028 0.088078 -0.099866 0.111451
-0.014371 -0.157728 0.072631 0.175867 0.048998 0.135741 -0.172898 -0.069798 -0.192985 0.151772
0.099418 0.071646 0.128203 -0.057407 -0.122734 0.177085 0.022690 0.080814 -0.144881 0.132903
-0.050587 0.046575 0.033520 0.045420 0.140575 0.151933 0.145259 0.195093 0.101757 0.024442
-0.024619 0.105255 -0.083741 0.132011 -0.019349 -0.009093 0.157101 -0.120766 0.063381 -0.201573
-0.023249 -0.074913 -0.200593 0.066565 0.054283 0.099962 -0.023539 -0.159998 0.000379 -0.124660
-0.043404 0.172943 0.024966 0.093221 -0.011426 0.099796 0.065540 -0.030807 -0.060865 -0.024532
-0.133877 -0.081968 -0.089380 -0.102219 -0.066775 0.125412 -0.043873 -0.206523 -0.146768 -0.126971
-0.018300 -0.040565 -0.134740 0.185517 -0.152757 0.112885 0.061374 0.013867 -0.156844 0.105833
-0.092640 0.047644 0.139104 0.135242 0.000995 -0.001729 -0.103869 -0.066782 0.135090 -0.048165
-0.021540 0.128949 0.092941 0.112472 -0.091803 0.031131 -0.002742 0.057246 0.111893 0.075095
-0.047204 -0.032917 -0.004298 -0.037469 0.024858 0.001547 -0.011186 -0.068881 0.042960 0.020720
0.100417 0.036853 -0.126451 -0.043524 0.150181 0.136044 0.135508 0.149765 0.039834 0.185487
0.104808 -0.030047 0.081429 0.116469 0.091214 0.134535 0.150745 0.125916 0.039503 0.059936
0.162468 0.090233 0.052439 -0.138402 -0.090793 0.000517 0.017642 -0.100720 0.047407 0.138014
