-0.030816
-0.130868
0.227938
0.099187
0.070883
-0.067812
0.206716
0.167659
-0.120655
0.080153
0.257027
-0.099089
0.055373
0.082149
0.252849
0.164260
-0.037611
0.095570
0.012200
0.202178
0.189013
-0.012981
0.066647
0.195634
0.012474
-0.040738
0.079327
-0.017505
-0.069313
0.122761
-0.049194
0.025244
0.070813
0.052252
0.248080
-0.046900
-0.035661
0.157518
-0.079100
0.026047
-0.026303
0.061646
0.012087
0.014361
0.044554
0.018456
-0.102109
0.121134
-0.155670
0.071046
-0.189686
0.106718
0.160422
0.005328
-0.018257
0.182351
0.076332
-0.217832
-0.206316
-0.005215
-0.050655
-0.117354
0.200766
-0.065741
0.083447
0.215708
0.159882
0.175789
0.275038
0.197732
-0.039619
0.089003
-0.067306
-0.134041
0.090621
-0.037784
0.200292
-0.004333
-0.008169
-0.026711
0.083277
0.069395
0.116133
0.212067
0.240926
-0.067771
0.069455
0.012821
0.130312
0.099298
0.031376
0.040939
-0.013450
0.238827
0.046924
0.074633
0.130927
0.035206
-0.022671
0.250401
-0.072498
0.063019
-0.081862
-0.178005
0.092096
-0.079062
0.106742
0.081574
-0.060895
-0.046902
0.255996
0.053919
0.246982
0.075385
0.000810
0.068955
0.144540
-0.048612
0.038262
-0.010246
0.031655
-0.033362
0.065273
-0.128384
0.063031
-0.110174
0.013987
0.164264
