0.017859
0.026856
0.018499
0.056188
0.099902
-0.008924
0.053153
0.058741
0.025855
-0.061051
-0.107408
0.160056
-0.020638
0.142135
0.133457
-0.145896
-0.096454
0.053710
-0.041632
0.105570
0.024287
0.076756
0.041387
-0.010770
-0.060940
0.029059
-0.013362
-0.053285
-0.002803
0.143964
-0.126054
-0.025613
0.388097
-0.008929
0.139701
0.102851
0.095871
0.134355
-0.005397
0.144074
0.255498
0.124586
0.195976
0.125602
0.069122
0.004625
0.075212
0.170359
0.184624
0.046514
0.067985
0.197577
-0.084418
0.042030
-0.076183
0.033637
0.090632
-0.011447
-0.132736
0.020873
0.136522
0.292908
0.025420
-0.010773
0.051567
-0.075640
-0.110852
0.002925
-0.011356
0.212356
0.218628
0.125187
0.122839
0.156903
0.017979
0.188914
0.022255
0.092646
0.014089
-0.090548
0.128505
0.028379
0.099193
0.081220
0.131197
0.015564
0.022547
0.067078
-0.111846
-0.073129
-0.097738
0.029971
-0.004056
-0.043130
0.031237
0.181542
-0.030422
-0.111129
0.237208
0.116535
0.045229
0.070124
0.058149
0.047520
-0.073166
0.085729
0.007396
-0.020136
0.237602
0.197640
-0.109857
0.001124
-0.051716
0.289657
0.063747
0.135141
0.063605
0.069550
-0.118268
-0.054928
-0.071542
0.000213
0.121418
0.156584
-0.107019
0.024623
0.050462
0.068492
