-0.277627 0.070161 -0.071736 -0.012750 0.019567 -0.134577 -0.325264 -0.114751 -0.090988 0.036576
-0.282116 0.159440 0.297220 -0.240345 -0.420288 -0.033867 -0.521244 0.239595 -0.510528 -0.370691
-0.149935 0.026552 -0.732134 0.247158 0.010941 0.019908 -0.561450 -0.293823 0.207901 0.426879
-0.179573 -0.147378 -0.348982 -0.211781 0.135540 -0.227230 -0.121184 0.086781 -0.144543 -0.209955
-0.373776 -0.049832 0.134564 0.077255 -0.037133 -0.004632 -0.201387 -0.222284 0.110746 -0.120157
-0.459123 0.469879 -0.298268 -0.532004 -0.162917 0.224125 -0.296698 -0.397807 0.093870 0.342712
-0.057657 -0.039396 0.081877 -0.015776 0.069456 -0.154367 0.128666 -0.293816 -0.005654 -0.168502
-0.274723 0.265266 -0.331721 -0.060490 0.258921 0.265214 -0.437057 -0.329247 -0.164357 -0.010591
-0.052271 -0.158935 0.030820 -0.051875 0.106041 -0.038350 -0.237253 0.012090 -0.157459 -0.180311
-0.266602 -0.772373 -0.262598 0.215201 -0.242213 -0.058196 -0.085445 -0.547633 0.280552 -0.271967
0.311863 0.116906 0.001839 -0.112107 0.073174 -0.054369 -0.672992 -0.046112 -0.274913 0.116934
-0.124137 -0.160777 -0.009781 0.059738 -0.211445 0.285643 -0.922642 0.068934 -0.353149 0.135599
-0.151709 0.062217 0.216714 -0.052666 -0.579456 -0.023343 0.018357 -0.328208 0.037807 -0.034386
-0.252428 -0.065279 -0.179322 -0.088998 0.053220 -0.190021 -0.126243 -0.190032 -0.010983 0.085995
0.192788 -0.010617 -0.216135 -0.276055 -0.776430 0.151192 -0.121178 0.162353 0.149255 -0.268806
-0.476526 0.020422 -0.237972 0.283030 -0.201782 0.472536 -0.292061 -0.284195 -0.439640 0.076043
0.035958 -0.140616 0.097945 0.150645 -0.852546 0.138600 -0.338993 0.031891 0.081645 -0.314838
-0.038158 -0.162401 0.058147 -0.016038 0.042555 -0.174912 -0.128490 -0.138903 -0.025312 -0.148159
-0.408922 0.227904 -0.366165 -0.015241 0.648920 -0.720753 -0.376477 0.082008 -0.108780 -0.390885
-0.056406 -0.319626 0.037380 -0.164148 -0.128734 -0.168897 0.013689 -0.032655 -0.031678 -0.016149
-0.002022 -0.263868 -0.202179 0.047866 -0.106442 -0.071965 -0.176898 -0.160666 -0.145341 0.017110
-0.283928 0.548969 0.025728 0.056414 0.381728 -0.989252 -0.389365 0.126888 -0.292925 -0.176756
0.049810 -0.345155 -0.646300 -0.026112 -0.008948 0.190958 0.328686 -0.149170 -0.353194 0.095073
-0.036382 -0.086808 0.176386 0.062486 0.452686 -0.126774 -0.404596 0.284090 -0.217911 -0.478121
-0.192567 0.270914 0.394122 -0.621401 0.186291 -0.279022 -0.354485 0.275523 -0.654957 -0.106335
0.013450 0.199505 0.322345 -0.375233 -0.445538 -0.488992 -0.129830 0.279188 0.351810 -0.603935
-0.407217 0.136198 -0.075593 0.091835 -0.075069 -0.280306 -0.259151 -0.170452 0.091141 -0.153443
-0.032475 0.543185 -0.419456 0.145771 0.548288 -0.229964 0.440736 0.136569 -0.639265 -0.479747
-0.017519 -0.240574 -0.157515 0.025718 -0.185831 -0.119889 0.120191 -0.188810 -0.130854 -0.125734
0.028741 -0.285400 -0.048291 -0.046777 -0.216752 -0.117764 -0.225778 -0.277250 0.123104 -0.128602
-0.839672 0.178529 -0.003772 0.367826 0.245358 0.360457 -1.043505 -0.395850 -0.424319 0.364398
-0.406617 0.221179 0.180323 0.020123 -0.152391 0.069323 -0.166734 -0.287947 0.047563 -0.616554
-0.098247 -0.286860 -0.208710 -0.239687 -0.085051 -0.214399 -0.154159 -0.219949 -0.044298 -0.071918
0.103447 -0.283453 -0.243401 0.078539 -0.050973 -0.041218 -0.185099 0.089288 0.024873 -0.079808
-0.188471 -0.267547 -0.231437 0.053556 -0.142477 0.051341 -0.097848 -0.055045 0.084389 -0.089242
0.229978 -0.170722 0.175969 -0.393260 0.110586 0.012605 0.155377 -0.302938 0.196246 -0.238938
-0.228150 -0.151420 0.062273 -0.189417 -0.096489 -0.288289 -0.223351 0.114655 -0.208196 -0.178290
-0.487233 -0.213132 0.082846 -0.419225 -0.246695 0.127833 0.027689 0.036868 0.275813 -0.275923
-0.201952 0.207716 0.210100 -0.366868 0.070845 -0.040479 -0.036591 0.459633 -0.270940 -0.807683
-0.175492 0.202478 -0.682301 -0.651230 0.339868 0.231063 0.223137 -0.156191 0.051773 -0.330069
-0.249557 0.367911 -0.917638 -0.650357 -0.168881 0.341692 0.097422 -0.120659 -0.264234 0.206810
0.190729 0.529688 -0.324281 0.057912 -0.190172 0.040615 0.175197 0.382197 -0.470270 -0.562057
-0.043862 -0.162862 -0.132594 -0.134368 -0.074762 -0.081257 0.107359 -0.303239 0.069332 -0.247351
-0.072925 -0.090724 0.049663 -0.151437 0.133575 -0.176665 -0.071892 -0.200832 -0.039493 -0.120374
-0.707858 -0.204272 -0.506443 -0.400601 -0.391973 0.532727 0.635749 -0.224897 -0.218817 0.209297
0.236241 -0.012995 0.208835 0.061924 -0.648270 -0.024908 0.085396 -0.585858 0.045841 -0.339182
-0.513654 0.119759 -0.177993 -0.226050 0.185906 -0.415269 0.002062 0.170916 -0.575898 0.193039
-0.276162 0.079483 -0.230474 -0.458065 0.207534 -0.058737 -0.090462 0.131554 -0.205085 0.014222
-0.099420 -0.321966 -0.265923 -0.191085 -0.113614 -0.126963 -0.058482 -0.243056 0.057527 0.122815
-0.094089 -0.466898 0.150827 -0.313884 0.193061 -0.047427 -0.088104 -0.520359 0.107342 0.156537
-0.118839 0.096124 -0.179151 0.019156 -0.309756 0.136975 0.138861 -0.347613 0.025803 -0.334917
-0.149243 -0.005670 -0.035957 -0.135792 -0.226986 -0.266072 -0.196450 -0.276832 0.055911 -0.192359
0.146556 0.164505 0.019525 0.104613 -0.082765 -0.337497 -0.251229 0.297132 -0.334962 0.023322
0.538189 -0.322038 0.362047 -0.084266 -0.622701 -0.018639 -0.100030 -0.421568 -0.582546 -0.087346
0.237098 -0.379904 0.207228 0.149911 -0.907506 -0.141587 -0.567822 0.188390 0.046310 0.051561
0.191466 0.084740 0.076353 -0.052840 -0.236946 -0.721773 0.147034 0.040554 0.062898 0.088338
-0.049305 -0.355557 0.209274 -0.275281 0.008182 0.080566 -0.069577 -0.101743 -0.476431 0.154706
0.140072 0.137823 0.236216 -0.173925 -0.191889 -0.255240 0.162072 -0.494303 -0.250625 -0.110654
0.174650 0.070989 -0.026672 -0.014368 0.220008 -0.478103 -0.146115 0.032369 0.020760 0.084908
0.234984 -0.223472 0.129101 -0.413919 0.130187 -0.164959 -0.005230 -0.113245 -0.343853 0.082706
-0.194936 -0.022280 0.113580 -0.125951 -0.302455 0.046853 0.083316 -0.355525 0.057216 -0.270127
-0.261429 -0.328241 -0.217380 -0.202878 -0.227521 -0.103305 0.007482 0.046032 -0.101804 -0.233434
0.289666 0.301454 -0.200200 -0.520012 0.249833 -0.336050 0.189925 -0.053916 -0.460509 0.264038
-0.002203 -0.062247 -0.459760 0.031926 0.158788 0.106810 0.062609 0.142112 -0.426182 0.185614
-0.236609 -0.452530 -0.071497 -0.145742 -0.118682 0.212450 -0.260672 0.116265 -0.131593 0.063581
-0.536158 -0.228676 -0.236394 0.129784 -0.121398 0.033889 0.089279 -0.250373 0.087115 0.005191
-0.393068 -0.302919 0.105386 0.195915 -0.430569 0.116613 -0.210575 0.022259 0.085333 0.318494
0.200271 -0.106204 0.100243 -0.224705 -0.386898 0.095557 -0.010207 -0.185636 -0.280655 0.397731
0.198121 -0.344233 -0.231107 -0.207333 0.005856 -0.140323 -0.124081 0.043928 -0.146633 -0.205716
-0.275426 0.017161 -0.127527 -0.167618 -0.169747 -0.201804 -0.144633 -0.131749 -0.020654 -0.013598
-0.278207 0.034381 -0.491232 -0.082176 -0.712577 0.250532 -0.329321 0.170487 0.121936 -0.080410
-0.342989 0.083300 0.147456 -0.388734 0.177107 0.011371 0.085712 -0.487001 -0.371799 0.091925
-0.432074 0.081644 -0.690191 0.047318 0.205288 0.481819 0.211814 -0.067454 -0.570786 -0.228249
0.112714 -0.374339 -0.204723 -0.113599 0.117991 -0.083316 -0.067814 -0.028786 0.016061 -0.012449
-0.222363 0.087800 -0.361008 -0.316898 0.270497 -0.380868 -0.260321 0.125717 -0.648267 0.319203
-0.426427 0.124343 -0.255939 -0.648393 0.291589 0.190138 -0.241746 0.275392 -0.146333 -0.151916
0.239393 0.090944 0.481978 0.167994 -0.480530 -0.600482 -0.080833 0.228927 -0.465664 -0.067089
-0.142621 -0.223164 -0.259388 0.197415 0.019141 -0.641288 0.352805 0.101351 -0.268191 -0.053607
-0.410950 0.330218 0.241617 0.065220 0.295467 -0.333015 -0.035975 -0.291895 -0.155344 -0.591148
0.010678 -0.338833 -0.101231 0.205790 -0.014386 -0.114930 -0.294697 -0.059335 -0.111073 -0.026017
0.064454 -0.353335 -0.190897 -0.058825 -0.202356 -0.049185 -0.217762 0.035378 -0.036563 -0.141843
-0.252814 -0.022210 -0.091893 -0.038825 -0.237847 -0.292055 -0.139143 0.119567 -0.152037 0.088464
-0.270846 -0.692709 -0.167123 -0.406461 0.274411 0.345585 0.078666 -0.416614 0.302199 -0.040925
0.048658 0.128924 -0.457138 -0.100226 0.251219 -0.333360 -0.084277 -0.060610 -0.038094 0.018253
0.112155 0.226913 0.176111 -0.806397 0.164078 -0.294442 -0.105514 0.316811 0.346562 -0.245485
-0.301044 -0.339775 0.005808 0.331460 -0.065147 -0.337283 -0.560681 -0.195756 0.220202 -0.158076
-0.299221 0.075512 -0.158702 0.096481 -0.249480 -0.028269 -0.197276 -0.084332 0.112134 -0.002369
0.041317 -0.260371 -0.044945 -0.051532 0.011602 -0.098208 -0.041780 -0.076438 0.016826 -0.111016
-0.258087 0.082891 0.094199 0.135092 -0.604109 -0.259014 0.009256 0.405460 -0.240274 -0.853397
0.230442 -0.012436 0.135296 0.040847 -0.687329 -0.028966 -0.121498 -0.107262 -0.163050 0.001938
0.352863 -0.278717 0.128023 0.126006 -0.006894 0.293748 -0.088535 0.070197 -0.537574 -0.559722
-0.110386 0.279572 0.150397 0.493936 -0.035274 -0.450313 -0.509176 0.078901 -0.442841 0.327116
-0.148128 -0.038072 -0.158315 0.111609 -0.125810 -0.069744 -0.265597 -0.185772 -0.042185 -0.091583
0.111184 -0.536868 -0.083105 0.068314 -0.209218 0.052285 0.123690 -0.292096 0.047589 0.099801
0.250458 -0.206488 -0.149480 0.205167 -0.641627 0.202031 0.180527 -0.555391 0.089687 -0.276035
-0.178940 -0.105735 -0.166678 -0.151178 -0.213543 -0.201431 -0.084752 -0.006109 -0.018594 -0.008001
0.216450 -0.100783 0.157786 0.104485 -0.390295 0.087321 0.094638 0.215538 -0.217006 -0.810216
-0.612382 -0.084489 0.188928 0.212708 -0.395248 -0.090933 -0.740783 0.291169 -0.144737 -0.232717
-0.154612 0.014345 -0.105831 -0.229954 -0.174114 -0.186199 -0.068732 -0.180072 -0.202481 -0.250646
-0.044968 -0.364571 -0.323042 -0.086917 -0.075142 0.038103 0.008710 0.149738 -0.107299 -0.199523
-0.587717 -0.449181 -0.535844 0.358557 0.223695 0.150140 -0.419257 0.121609 0.133582 0.240177
0.051256 0.063079 -0.218455 -0.275978 -0.217057 -0.148660 -0.210241 0.073784 -0.096828 0.120515
-0.065509 0.083015 0.198588 -0.229123 0.089905 -0.464913 -0.027104 0.077031 -0.301744 -0.018227
-0.097237 -0.051974 0.273185 -0.284357 0.031929 -0.635213 -0.216504 0.033471 0.052250 -0.106115
0.292486 -0.207552 -0.349618 -0.045985 -0.703327 0.391642 -0.046438 -0.180582 0.038192 0.297144
-0.517206 0.140043 0.120026 -0.074427 -0.061206 -0.076775 0.254134 0.258840 0.066896 -0.702181
-0.810280 -0.324895 0.295028 0.126569 -0.312886 0.383113 0.029298 -0.020764 -0.131024 -0.009529
0.097766 -0.193129 0.114958 0.182786 0.055504 0.092982 0.082095 0.023152 -0.021992 -0.125315
-0.096840 -0.057873 -0.194855 -0.155636 -0.059154 -0.178361 -0.200916 -0.063884 0.026294 -0.109031
-0.263462 -0.303212 -0.023408 -0.079763 -0.078237 0.034616 -0.215087 -0.228595 -0.159051 -0.059686
0.213309 -0.443710 -0.383096 0.252627 0.261812 -0.141599 0.233640 -0.489162 -0.100153 0.076603
0.000604 -0.077771 0.025331 -0.087252 -0.198885 -0.158530 -0.010802 -0.005297 -0.077486 -0.094168
-0.406107 0.280304 0.232053 -0.026463 -0.429605 0.261369 -0.535532 -0.424528 -0.337991 0.068720
-0.400146 0.121704 0.247283 -0.182439 -0.020081 0.188183 -0.763350 0.338297 -0.824992 -0.175231
-0.716502 -0.017209 0.356731 -0.407348 0.169961 0.361940 -0.093789 -0.181567 -0.457468 -0.088508
-0.153065 -0.332300 -0.147912 0.047807 -0.038873 0.020231 -0.202319 -0.195121 -0.105409 -0.092324
0.191748 -0.351267 -0.010976 -0.336430 0.076066 -0.333101 0.125961 0.166699 0.131909 0.105587
-0.116314 -0.139446 -0.143579 0.016290 -0.071257 -0.051829 -0.002832 -0.255033 -0.112145 -0.106846
0.093288 0.310965 0.365683 0.313704 0.021263 -0.374840 -0.341293 -0.080637 -0.328654 -0.696230
0.023106 -0.282354 -0.002678 -0.018220 0.005640 -0.073239 0.028552 -0.141196 -0.285671 -0.022789
0.218195 -0.032323 0.157977 0.193063 -0.990964 -0.137250 -0.795669 0.353398 -0.292718 -0.016815
-0.112272 -0.038377 -0.184491 0.025297 -0.159918 -0.173055 -0.321682 -0.048121 -0.012557 -0.011535
-0.044233 0.014551 0.012822 0.137148 -0.648417 0.163996 0.280888 -0.753636 -0.082172 -0.471022
-0.184995 -0.184527 -0.113068 -0.069346 -0.168329 -0.113239 0.082267 -0.043406 -0.035282 -0.143789
-0.626865 -0.002959 0.232416 0.362735 -0.778422 0.005319 -0.105322 0.250546 -0.330961 -0.721177
0.173881 -0.463290 0.199383 -0.140576 -0.476988 -0.109439 -0.311711 0.145949 0.117649 0.187334
-0.203875 -0.399989 -0.089702 -0.103312 -0.029245 -0.382073 0.395974 0.116415 -0.036797 0.009839
-0.234433 -0.466227 -0.166944 0.148942 -0.802218 0.489153 0.338400 0.082059 -0.057011 -0.640761
